dma:1386857728,4325376,24576,
dma:1206954112,4587520,384,
dma:1214059520,4374528,1792,
LayerNorm:4587520,4374528,
dma:1206954496,5242880,57344,
dma:1207012096,4587520,384,
dma:1207011840,4374528,256,
dma:1207486720,4587904,768,
Kproj:5242880,4587520,4374528,4587904,4325376,
dma:1207012864,5242880,57344,
dma:1207070464,4587520,384,
dma:1207070208,4374528,256,
dma:1207498496,4374784,256,
Vproj:5242880,4587520,4374528,4374784,
dma:1206550528,5242880,401408,
dma:1206953728,4587520,384,
dma:1206951936,4374528,1792,
dma:1207480576,4587904,5376,
Qproj:5242880,4587520,4374528,4587904,4325376,
dma:1207475200,4587520,5376,
dma:1207485952,4374528,768,
dma:1207492864,4592896,5376,
dma:1207487488,4598272,5376,
dma:1207498240,4375296,256,
dma:1207474816,4603648,384,
Attention:4587520,4374528,4592896,4598272,4375296,4603648,
dma:1207071232,5242880,401408,
dma:1207474432,4587520,384,
dma:1207472640,4374528,1792,
dma:1209687936,4587904,384,
dma:1214061312,4376320,1792,
Oproj:5242880,4587520,4374528,4587904,4376320,
dma:1207498752,5242880,401408,
dma:1209688320,5644288,401408,
dma:1211877888,6045696,401408,
dma:1209687552,4587520,384,
dma:1209677824,4374528,9728,
dma:1214059136,4587904,384,
dma:1211867392,4384256,9728,
dma:1214056960,4393984,1792,
dma:1214058752,4588288,384,
dma:1214466688,4588672,384,
dma:1221572096,4395776,1792,
FFN1_5:5242880,4587520,4374528,4587904,5644288,4384256,6045696,4588288,4393984,
dma:1207900160,5242880,401408,
dma:1210089728,5644288,401408,
dma:1212279296,6045696,401408,
FFN1_5:5242880,4587520,4374528,4587904,5644288,4384256,6045696,4588288,4393984,
dma:1208301568,5242880,401408,
dma:1210491136,5644288,401408,
dma:1212680704,6045696,401408,
FFN1_5:5242880,4587520,4374528,4587904,5644288,4384256,6045696,4588288,4393984,
dma:1208702976,5242880,401408,
dma:1210892544,5644288,401408,
dma:1213082112,6045696,401408,
FFN1_5:5242880,4587520,4374528,4587904,5644288,4384256,6045696,4588288,4393984,
dma:1209104384,5242880,401408,
dma:1211293952,5644288,401408,
dma:1213483520,6045696,401408,
FFN1_5:5242880,4587520,4374528,4587904,5644288,4384256,6045696,4588288,4393984,
dma:1209505792,5242880,172032,
dma:1211695360,5414912,172032,
dma:1213884928,5586944,172032,
FFN6:5242880,4587520,4374528,4587904,5414912,4384256,5586944,4588288,4393984,4588672,4395776,
dma:1214467072,5242880,57344,
dma:1214524672,4587520,384,
dma:1214524416,4374528,256,
dma:1214999296,4587904,768,
Kproj:5242880,4587520,4374528,4587904,4325376,
dma:1214525440,5242880,57344,
dma:1214583040,4587520,384,
dma:1214582784,4374528,256,
dma:1215011072,4374784,256,
Vproj:5242880,4587520,4374528,4374784,
dma:1214063104,5242880,401408,
dma:1214466304,4587520,384,
dma:1214464512,4374528,1792,
dma:1214993152,4587904,5376,
Qproj:5242880,4587520,4374528,4587904,4325376,
dma:1214987776,4587520,5376,
dma:1214998528,4374528,768,
dma:1215005440,4592896,5376,
dma:1215000064,4598272,5376,
dma:1215010816,4375296,256,
dma:1214987392,4603648,384,
Attention:4587520,4374528,4592896,4598272,4375296,4603648,
dma:1214583808,5242880,401408,
dma:1214987008,4587520,384,
dma:1214985216,4374528,1792,
dma:1217200512,4587904,384,
dma:1221573888,4376320,1792,
Oproj:5242880,4587520,4374528,4587904,4376320,
dma:1215011328,5242880,401408,
dma:1217200896,5644288,401408,
dma:1219390464,6045696,401408,
dma:1217200128,4587520,384,
dma:1217190400,4374528,9728,
dma:1221571712,4587904,384,
dma:1219379968,4384256,9728,
dma:1221569536,4393984,1792,
dma:1221571328,4588288,384,
dma:1221979264,4588672,384,
dma:1229084672,4395776,1792,
FFN1_5:5242880,4587520,4374528,4587904,5644288,4384256,6045696,4588288,4393984,
dma:1215412736,5242880,401408,
dma:1217602304,5644288,401408,
dma:1219791872,6045696,401408,
FFN1_5:5242880,4587520,4374528,4587904,5644288,4384256,6045696,4588288,4393984,
dma:1215814144,5242880,401408,
dma:1218003712,5644288,401408,
dma:1220193280,6045696,401408,
FFN1_5:5242880,4587520,4374528,4587904,5644288,4384256,6045696,4588288,4393984,
dma:1216215552,5242880,401408,
dma:1218405120,5644288,401408,
dma:1220594688,6045696,401408,
FFN1_5:5242880,4587520,4374528,4587904,5644288,4384256,6045696,4588288,4393984,
dma:1216616960,5242880,401408,
dma:1218806528,5644288,401408,
dma:1220996096,6045696,401408,
FFN1_5:5242880,4587520,4374528,4587904,5644288,4384256,6045696,4588288,4393984,
dma:1217018368,5242880,172032,
dma:1219207936,5414912,172032,
dma:1221397504,5586944,172032,
FFN6:5242880,4587520,4374528,4587904,5414912,4384256,5586944,4588288,4393984,4588672,4395776,
dma:1221979648,5242880,57344,
dma:1222037248,4587520,384,
dma:1222036992,4374528,256,
dma:1222511872,4587904,768,
Kproj:5242880,4587520,4374528,4587904,4325376,
dma:1222038016,5242880,57344,
dma:1222095616,4587520,384,
dma:1222095360,4374528,256,
dma:1222523648,4374784,256,
Vproj:5242880,4587520,4374528,4374784,
dma:1221575680,5242880,401408,
dma:1221978880,4587520,384,
dma:1221977088,4374528,1792,
dma:1222505728,4587904,5376,
Qproj:5242880,4587520,4374528,4587904,4325376,
dma:1222500352,4587520,5376,
dma:1222511104,4374528,768,
dma:1222518016,4592896,5376,
dma:1222512640,4598272,5376,
dma:1222523392,4375296,256,
dma:1222499968,4603648,384,
Attention:4587520,4374528,4592896,4598272,4375296,4603648,
dma:1222096384,5242880,401408,
dma:1222499584,4587520,384,
dma:1222497792,4374528,1792,
dma:1224713088,4587904,384,
dma:1229086464,4376320,1792,
Oproj:5242880,4587520,4374528,4587904,4376320,
dma:1222523904,5242880,401408,
dma:1224713472,5644288,401408,
dma:1226903040,6045696,401408,
dma:1224712704,4587520,384,
dma:1224702976,4374528,9728,
dma:1229084288,4587904,384,
dma:1226892544,4384256,9728,
dma:1229082112,4393984,1792,
dma:1229083904,4588288,384,
dma:1229491840,4588672,384,
dma:1236597248,4395776,1792,
FFN1_5:5242880,4587520,4374528,4587904,5644288,4384256,6045696,4588288,4393984,
dma:1222925312,5242880,401408,
dma:1225114880,5644288,401408,
dma:1227304448,6045696,401408,
FFN1_5:5242880,4587520,4374528,4587904,5644288,4384256,6045696,4588288,4393984,
dma:1223326720,5242880,401408,
dma:1225516288,5644288,401408,
dma:1227705856,6045696,401408,
FFN1_5:5242880,4587520,4374528,4587904,5644288,4384256,6045696,4588288,4393984,
dma:1223728128,5242880,401408,
dma:1225917696,5644288,401408,
dma:1228107264,6045696,401408,
FFN1_5:5242880,4587520,4374528,4587904,5644288,4384256,6045696,4588288,4393984,
dma:1224129536,5242880,401408,
dma:1226319104,5644288,401408,
dma:1228508672,6045696,401408,
FFN1_5:5242880,4587520,4374528,4587904,5644288,4384256,6045696,4588288,4393984,
dma:1224530944,5242880,172032,
dma:1226720512,5414912,172032,
dma:1228910080,5586944,172032,
FFN6:5242880,4587520,4374528,4587904,5414912,4384256,5586944,4588288,4393984,4588672,4395776,
dma:1229492224,5242880,57344,
dma:1229549824,4587520,384,
dma:1229549568,4374528,256,
dma:1230024448,4587904,768,
Kproj:5242880,4587520,4374528,4587904,4325376,
dma:1229550592,5242880,57344,
dma:1229608192,4587520,384,
dma:1229607936,4374528,256,
dma:1230036224,4374784,256,
Vproj:5242880,4587520,4374528,4374784,
dma:1229088256,5242880,401408,
dma:1229491456,4587520,384,
dma:1229489664,4374528,1792,
dma:1230018304,4587904,5376,
Qproj:5242880,4587520,4374528,4587904,4325376,
dma:1230012928,4587520,5376,
dma:1230023680,4374528,768,
dma:1230030592,4592896,5376,
dma:1230025216,4598272,5376,
dma:1230035968,4375296,256,
dma:1230012544,4603648,384,
Attention:4587520,4374528,4592896,4598272,4375296,4603648,
dma:1229608960,5242880,401408,
dma:1230012160,4587520,384,
dma:1230010368,4374528,1792,
dma:1232225664,4587904,384,
dma:1236599040,4376320,1792,
Oproj:5242880,4587520,4374528,4587904,4376320,
dma:1230036480,5242880,401408,
dma:1232226048,5644288,401408,
dma:1234415616,6045696,401408,
dma:1232225280,4587520,384,
dma:1232215552,4374528,9728,
dma:1236596864,4587904,384,
dma:1234405120,4384256,9728,
dma:1236594688,4393984,1792,
dma:1236596480,4588288,384,
dma:1237004416,4588672,384,
dma:1244109824,4395776,1792,
FFN1_5:5242880,4587520,4374528,4587904,5644288,4384256,6045696,4588288,4393984,
dma:1230437888,5242880,401408,
dma:1232627456,5644288,401408,
dma:1234817024,6045696,401408,
FFN1_5:5242880,4587520,4374528,4587904,5644288,4384256,6045696,4588288,4393984,
dma:1230839296,5242880,401408,
dma:1233028864,5644288,401408,
dma:1235218432,6045696,401408,
FFN1_5:5242880,4587520,4374528,4587904,5644288,4384256,6045696,4588288,4393984,
dma:1231240704,5242880,401408,
dma:1233430272,5644288,401408,
dma:1235619840,6045696,401408,
FFN1_5:5242880,4587520,4374528,4587904,5644288,4384256,6045696,4588288,4393984,
dma:1231642112,5242880,401408,
dma:1233831680,5644288,401408,
dma:1236021248,6045696,401408,
FFN1_5:5242880,4587520,4374528,4587904,5644288,4384256,6045696,4588288,4393984,
dma:1232043520,5242880,172032,
dma:1234233088,5414912,172032,
dma:1236422656,5586944,172032,
FFN6:5242880,4587520,4374528,4587904,5414912,4384256,5586944,4588288,4393984,4588672,4395776,
dma:1237004800,5242880,57344,
dma:1237062400,4587520,384,
dma:1237062144,4374528,256,
dma:1237537024,4587904,768,
Kproj:5242880,4587520,4374528,4587904,4325376,
dma:1237063168,5242880,57344,
dma:1237120768,4587520,384,
dma:1237120512,4374528,256,
dma:1237548800,4374784,256,
Vproj:5242880,4587520,4374528,4374784,
dma:1236600832,5242880,401408,
dma:1237004032,4587520,384,
dma:1237002240,4374528,1792,
dma:1237530880,4587904,5376,
Qproj:5242880,4587520,4374528,4587904,4325376,
dma:1237525504,4587520,5376,
dma:1237536256,4374528,768,
dma:1237543168,4592896,5376,
dma:1237537792,4598272,5376,
dma:1237548544,4375296,256,
dma:1237525120,4603648,384,
Attention:4587520,4374528,4592896,4598272,4375296,4603648,
dma:1237121536,5242880,401408,
dma:1237524736,4587520,384,
dma:1237522944,4374528,1792,
dma:1239738240,4587904,384,
dma:1244111616,4376320,1792,
Oproj:5242880,4587520,4374528,4587904,4376320,
dma:1237549056,5242880,401408,
dma:1239738624,5644288,401408,
dma:1241928192,6045696,401408,
dma:1239737856,4587520,384,
dma:1239728128,4374528,9728,
dma:1244109440,4587904,384,
dma:1241917696,4384256,9728,
dma:1244107264,4393984,1792,
dma:1244109056,4588288,384,
dma:1244516992,4588672,384,
dma:1251622400,4395776,1792,
FFN1_5:5242880,4587520,4374528,4587904,5644288,4384256,6045696,4588288,4393984,
dma:1237950464,5242880,401408,
dma:1240140032,5644288,401408,
dma:1242329600,6045696,401408,
FFN1_5:5242880,4587520,4374528,4587904,5644288,4384256,6045696,4588288,4393984,
dma:1238351872,5242880,401408,
dma:1240541440,5644288,401408,
dma:1242731008,6045696,401408,
FFN1_5:5242880,4587520,4374528,4587904,5644288,4384256,6045696,4588288,4393984,
dma:1238753280,5242880,401408,
dma:1240942848,5644288,401408,
dma:1243132416,6045696,401408,
FFN1_5:5242880,4587520,4374528,4587904,5644288,4384256,6045696,4588288,4393984,
dma:1239154688,5242880,401408,
dma:1241344256,5644288,401408,
dma:1243533824,6045696,401408,
FFN1_5:5242880,4587520,4374528,4587904,5644288,4384256,6045696,4588288,4393984,
dma:1239556096,5242880,172032,
dma:1241745664,5414912,172032,
dma:1243935232,5586944,172032,
FFN6:5242880,4587520,4374528,4587904,5414912,4384256,5586944,4588288,4393984,4588672,4395776,
dma:1244517376,5242880,57344,
dma:1244574976,4587520,384,
dma:1244574720,4374528,256,
dma:1245049600,4587904,768,
Kproj:5242880,4587520,4374528,4587904,4325376,
dma:1244575744,5242880,57344,
dma:1244633344,4587520,384,
dma:1244633088,4374528,256,
dma:1245061376,4374784,256,
Vproj:5242880,4587520,4374528,4374784,
dma:1244113408,5242880,401408,
dma:1244516608,4587520,384,
dma:1244514816,4374528,1792,
dma:1245043456,4587904,5376,
Qproj:5242880,4587520,4374528,4587904,4325376,
dma:1245038080,4587520,5376,
dma:1245048832,4374528,768,
dma:1245055744,4592896,5376,
dma:1245050368,4598272,5376,
dma:1245061120,4375296,256,
dma:1245037696,4603648,384,
Attention:4587520,4374528,4592896,4598272,4375296,4603648,
dma:1244634112,5242880,401408,
dma:1245037312,4587520,384,
dma:1245035520,4374528,1792,
dma:1247250816,4587904,384,
dma:1251624192,4376320,1792,
Oproj:5242880,4587520,4374528,4587904,4376320,
dma:1245061632,5242880,401408,
dma:1247251200,5644288,401408,
dma:1249440768,6045696,401408,
dma:1247250432,4587520,384,
dma:1247240704,4374528,9728,
dma:1251622016,4587904,384,
dma:1249430272,4384256,9728,
dma:1251619840,4393984,1792,
dma:1251621632,4588288,384,
dma:1252029568,4588672,384,
dma:1259134976,4395776,1792,
FFN1_5:5242880,4587520,4374528,4587904,5644288,4384256,6045696,4588288,4393984,
dma:1245463040,5242880,401408,
dma:1247652608,5644288,401408,
dma:1249842176,6045696,401408,
FFN1_5:5242880,4587520,4374528,4587904,5644288,4384256,6045696,4588288,4393984,
dma:1245864448,5242880,401408,
dma:1248054016,5644288,401408,
dma:1250243584,6045696,401408,
FFN1_5:5242880,4587520,4374528,4587904,5644288,4384256,6045696,4588288,4393984,
dma:1246265856,5242880,401408,
dma:1248455424,5644288,401408,
dma:1250644992,6045696,401408,
FFN1_5:5242880,4587520,4374528,4587904,5644288,4384256,6045696,4588288,4393984,
dma:1246667264,5242880,401408,
dma:1248856832,5644288,401408,
dma:1251046400,6045696,401408,
FFN1_5:5242880,4587520,4374528,4587904,5644288,4384256,6045696,4588288,4393984,
dma:1247068672,5242880,172032,
dma:1249258240,5414912,172032,
dma:1251447808,5586944,172032,
FFN6:5242880,4587520,4374528,4587904,5414912,4384256,5586944,4588288,4393984,4588672,4395776,
dma:1252029952,5242880,57344,
dma:1252087552,4587520,384,
dma:1252087296,4374528,256,
dma:1252562176,4587904,768,
Kproj:5242880,4587520,4374528,4587904,4325376,
dma:1252088320,5242880,57344,
dma:1252145920,4587520,384,
dma:1252145664,4374528,256,
dma:1252573952,4374784,256,
Vproj:5242880,4587520,4374528,4374784,
dma:1251625984,5242880,401408,
dma:1252029184,4587520,384,
dma:1252027392,4374528,1792,
dma:1252556032,4587904,5376,
Qproj:5242880,4587520,4374528,4587904,4325376,
dma:1252550656,4587520,5376,
dma:1252561408,4374528,768,
dma:1252568320,4592896,5376,
dma:1252562944,4598272,5376,
dma:1252573696,4375296,256,
dma:1252550272,4603648,384,
Attention:4587520,4374528,4592896,4598272,4375296,4603648,
dma:1252146688,5242880,401408,
dma:1252549888,4587520,384,
dma:1252548096,4374528,1792,
dma:1254763392,4587904,384,
dma:1259136768,4376320,1792,
Oproj:5242880,4587520,4374528,4587904,4376320,
dma:1252574208,5242880,401408,
dma:1254763776,5644288,401408,
dma:1256953344,6045696,401408,
dma:1254763008,4587520,384,
dma:1254753280,4374528,9728,
dma:1259134592,4587904,384,
dma:1256942848,4384256,9728,
dma:1259132416,4393984,1792,
dma:1259134208,4588288,384,
dma:1259542144,4588672,384,
dma:1266647552,4395776,1792,
FFN1_5:5242880,4587520,4374528,4587904,5644288,4384256,6045696,4588288,4393984,
dma:1252975616,5242880,401408,
dma:1255165184,5644288,401408,
dma:1257354752,6045696,401408,
FFN1_5:5242880,4587520,4374528,4587904,5644288,4384256,6045696,4588288,4393984,
dma:1253377024,5242880,401408,
dma:1255566592,5644288,401408,
dma:1257756160,6045696,401408,
FFN1_5:5242880,4587520,4374528,4587904,5644288,4384256,6045696,4588288,4393984,
dma:1253778432,5242880,401408,
dma:1255968000,5644288,401408,
dma:1258157568,6045696,401408,
FFN1_5:5242880,4587520,4374528,4587904,5644288,4384256,6045696,4588288,4393984,
dma:1254179840,5242880,401408,
dma:1256369408,5644288,401408,
dma:1258558976,6045696,401408,
FFN1_5:5242880,4587520,4374528,4587904,5644288,4384256,6045696,4588288,4393984,
dma:1254581248,5242880,172032,
dma:1256770816,5414912,172032,
dma:1258960384,5586944,172032,
FFN6:5242880,4587520,4374528,4587904,5414912,4384256,5586944,4588288,4393984,4588672,4395776,
dma:1259542528,5242880,57344,
dma:1259600128,4587520,384,
dma:1259599872,4374528,256,
dma:1260074752,4587904,768,
Kproj:5242880,4587520,4374528,4587904,4325376,
dma:1259600896,5242880,57344,
dma:1259658496,4587520,384,
dma:1259658240,4374528,256,
dma:1260086528,4374784,256,
Vproj:5242880,4587520,4374528,4374784,
dma:1259138560,5242880,401408,
dma:1259541760,4587520,384,
dma:1259539968,4374528,1792,
dma:1260068608,4587904,5376,
Qproj:5242880,4587520,4374528,4587904,4325376,
dma:1260063232,4587520,5376,
dma:1260073984,4374528,768,
dma:1260080896,4592896,5376,
dma:1260075520,4598272,5376,
dma:1260086272,4375296,256,
dma:1260062848,4603648,384,
Attention:4587520,4374528,4592896,4598272,4375296,4603648,
dma:1259659264,5242880,401408,
dma:1260062464,4587520,384,
dma:1260060672,4374528,1792,
dma:1262275968,4587904,384,
dma:1266649344,4376320,1792,
Oproj:5242880,4587520,4374528,4587904,4376320,
dma:1260086784,5242880,401408,
dma:1262276352,5644288,401408,
dma:1264465920,6045696,401408,
dma:1262275584,4587520,384,
dma:1262265856,4374528,9728,
dma:1266647168,4587904,384,
dma:1264455424,4384256,9728,
dma:1266644992,4393984,1792,
dma:1266646784,4588288,384,
dma:1267054720,4588672,384,
dma:1274160128,4395776,1792,
FFN1_5:5242880,4587520,4374528,4587904,5644288,4384256,6045696,4588288,4393984,
dma:1260488192,5242880,401408,
dma:1262677760,5644288,401408,
dma:1264867328,6045696,401408,
FFN1_5:5242880,4587520,4374528,4587904,5644288,4384256,6045696,4588288,4393984,
dma:1260889600,5242880,401408,
dma:1263079168,5644288,401408,
dma:1265268736,6045696,401408,
FFN1_5:5242880,4587520,4374528,4587904,5644288,4384256,6045696,4588288,4393984,
dma:1261291008,5242880,401408,
dma:1263480576,5644288,401408,
dma:1265670144,6045696,401408,
FFN1_5:5242880,4587520,4374528,4587904,5644288,4384256,6045696,4588288,4393984,
dma:1261692416,5242880,401408,
dma:1263881984,5644288,401408,
dma:1266071552,6045696,401408,
FFN1_5:5242880,4587520,4374528,4587904,5644288,4384256,6045696,4588288,4393984,
dma:1262093824,5242880,172032,
dma:1264283392,5414912,172032,
dma:1266472960,5586944,172032,
FFN6:5242880,4587520,4374528,4587904,5414912,4384256,5586944,4588288,4393984,4588672,4395776,
dma:1267055104,5242880,57344,
dma:1267112704,4587520,384,
dma:1267112448,4374528,256,
dma:1267587328,4587904,768,
Kproj:5242880,4587520,4374528,4587904,4325376,
dma:1267113472,5242880,57344,
dma:1267171072,4587520,384,
dma:1267170816,4374528,256,
dma:1267599104,4374784,256,
Vproj:5242880,4587520,4374528,4374784,
dma:1266651136,5242880,401408,
dma:1267054336,4587520,384,
dma:1267052544,4374528,1792,
dma:1267581184,4587904,5376,
Qproj:5242880,4587520,4374528,4587904,4325376,
dma:1267575808,4587520,5376,
dma:1267586560,4374528,768,
dma:1267593472,4592896,5376,
dma:1267588096,4598272,5376,
dma:1267598848,4375296,256,
dma:1267575424,4603648,384,
Attention:4587520,4374528,4592896,4598272,4375296,4603648,
dma:1267171840,5242880,401408,
dma:1267575040,4587520,384,
dma:1267573248,4374528,1792,
dma:1269788544,4587904,384,
dma:1274161920,4376320,1792,
Oproj:5242880,4587520,4374528,4587904,4376320,
dma:1267599360,5242880,401408,
dma:1269788928,5644288,401408,
dma:1271978496,6045696,401408,
dma:1269788160,4587520,384,
dma:1269778432,4374528,9728,
dma:1274159744,4587904,384,
dma:1271968000,4384256,9728,
dma:1274157568,4393984,1792,
dma:1274159360,4588288,384,
dma:1274567296,4588672,384,
dma:1281672704,4395776,1792,
FFN1_5:5242880,4587520,4374528,4587904,5644288,4384256,6045696,4588288,4393984,
dma:1268000768,5242880,401408,
dma:1270190336,5644288,401408,
dma:1272379904,6045696,401408,
FFN1_5:5242880,4587520,4374528,4587904,5644288,4384256,6045696,4588288,4393984,
dma:1268402176,5242880,401408,
dma:1270591744,5644288,401408,
dma:1272781312,6045696,401408,
FFN1_5:5242880,4587520,4374528,4587904,5644288,4384256,6045696,4588288,4393984,
dma:1268803584,5242880,401408,
dma:1270993152,5644288,401408,
dma:1273182720,6045696,401408,
FFN1_5:5242880,4587520,4374528,4587904,5644288,4384256,6045696,4588288,4393984,
dma:1269204992,5242880,401408,
dma:1271394560,5644288,401408,
dma:1273584128,6045696,401408,
FFN1_5:5242880,4587520,4374528,4587904,5644288,4384256,6045696,4588288,4393984,
dma:1269606400,5242880,172032,
dma:1271795968,5414912,172032,
dma:1273985536,5586944,172032,
FFN6:5242880,4587520,4374528,4587904,5414912,4384256,5586944,4588288,4393984,4588672,4395776,
dma:1274567680,5242880,57344,
dma:1274625280,4587520,384,
dma:1274625024,4374528,256,
dma:1275099904,4587904,768,
Kproj:5242880,4587520,4374528,4587904,4325376,
dma:1274626048,5242880,57344,
dma:1274683648,4587520,384,
dma:1274683392,4374528,256,
dma:1275111680,4374784,256,
Vproj:5242880,4587520,4374528,4374784,
dma:1274163712,5242880,401408,
dma:1274566912,4587520,384,
dma:1274565120,4374528,1792,
dma:1275093760,4587904,5376,
Qproj:5242880,4587520,4374528,4587904,4325376,
dma:1275088384,4587520,5376,
dma:1275099136,4374528,768,
dma:1275106048,4592896,5376,
dma:1275100672,4598272,5376,
dma:1275111424,4375296,256,
dma:1275088000,4603648,384,
Attention:4587520,4374528,4592896,4598272,4375296,4603648,
dma:1274684416,5242880,401408,
dma:1275087616,4587520,384,
dma:1275085824,4374528,1792,
dma:1277301120,4587904,384,
dma:1281674496,4376320,1792,
Oproj:5242880,4587520,4374528,4587904,4376320,
dma:1275111936,5242880,401408,
dma:1277301504,5644288,401408,
dma:1279491072,6045696,401408,
dma:1277300736,4587520,384,
dma:1277291008,4374528,9728,
dma:1281672320,4587904,384,
dma:1279480576,4384256,9728,
dma:1281670144,4393984,1792,
dma:1281671936,4588288,384,
dma:1282079872,4588672,384,
dma:1289185280,4395776,1792,
FFN1_5:5242880,4587520,4374528,4587904,5644288,4384256,6045696,4588288,4393984,
dma:1275513344,5242880,401408,
dma:1277702912,5644288,401408,
dma:1279892480,6045696,401408,
FFN1_5:5242880,4587520,4374528,4587904,5644288,4384256,6045696,4588288,4393984,
dma:1275914752,5242880,401408,
dma:1278104320,5644288,401408,
dma:1280293888,6045696,401408,
FFN1_5:5242880,4587520,4374528,4587904,5644288,4384256,6045696,4588288,4393984,
dma:1276316160,5242880,401408,
dma:1278505728,5644288,401408,
dma:1280695296,6045696,401408,
FFN1_5:5242880,4587520,4374528,4587904,5644288,4384256,6045696,4588288,4393984,
dma:1276717568,5242880,401408,
dma:1278907136,5644288,401408,
dma:1281096704,6045696,401408,
FFN1_5:5242880,4587520,4374528,4587904,5644288,4384256,6045696,4588288,4393984,
dma:1277118976,5242880,172032,
dma:1279308544,5414912,172032,
dma:1281498112,5586944,172032,
FFN6:5242880,4587520,4374528,4587904,5414912,4384256,5586944,4588288,4393984,4588672,4395776,
dma:1282080256,5242880,57344,
dma:1282137856,4587520,384,
dma:1282137600,4374528,256,
dma:1282612480,4587904,768,
Kproj:5242880,4587520,4374528,4587904,4325376,
dma:1282138624,5242880,57344,
dma:1282196224,4587520,384,
dma:1282195968,4374528,256,
dma:1282624256,4374784,256,
Vproj:5242880,4587520,4374528,4374784,
dma:1281676288,5242880,401408,
dma:1282079488,4587520,384,
dma:1282077696,4374528,1792,
dma:1282606336,4587904,5376,
Qproj:5242880,4587520,4374528,4587904,4325376,
dma:1282600960,4587520,5376,
dma:1282611712,4374528,768,
dma:1282618624,4592896,5376,
dma:1282613248,4598272,5376,
dma:1282624000,4375296,256,
dma:1282600576,4603648,384,
Attention:4587520,4374528,4592896,4598272,4375296,4603648,
dma:1282196992,5242880,401408,
dma:1282600192,4587520,384,
dma:1282598400,4374528,1792,
dma:1284813696,4587904,384,
dma:1289187072,4376320,1792,
Oproj:5242880,4587520,4374528,4587904,4376320,
dma:1282624512,5242880,401408,
dma:1284814080,5644288,401408,
dma:1287003648,6045696,401408,
dma:1284813312,4587520,384,
dma:1284803584,4374528,9728,
dma:1289184896,4587904,384,
dma:1286993152,4384256,9728,
dma:1289182720,4393984,1792,
dma:1289184512,4588288,384,
dma:1289592448,4588672,384,
dma:1296697856,4395776,1792,
FFN1_5:5242880,4587520,4374528,4587904,5644288,4384256,6045696,4588288,4393984,
dma:1283025920,5242880,401408,
dma:1285215488,5644288,401408,
dma:1287405056,6045696,401408,
FFN1_5:5242880,4587520,4374528,4587904,5644288,4384256,6045696,4588288,4393984,
dma:1283427328,5242880,401408,
dma:1285616896,5644288,401408,
dma:1287806464,6045696,401408,
FFN1_5:5242880,4587520,4374528,4587904,5644288,4384256,6045696,4588288,4393984,
dma:1283828736,5242880,401408,
dma:1286018304,5644288,401408,
dma:1288207872,6045696,401408,
FFN1_5:5242880,4587520,4374528,4587904,5644288,4384256,6045696,4588288,4393984,
dma:1284230144,5242880,401408,
dma:1286419712,5644288,401408,
dma:1288609280,6045696,401408,
FFN1_5:5242880,4587520,4374528,4587904,5644288,4384256,6045696,4588288,4393984,
dma:1284631552,5242880,172032,
dma:1286821120,5414912,172032,
dma:1289010688,5586944,172032,
FFN6:5242880,4587520,4374528,4587904,5414912,4384256,5586944,4588288,4393984,4588672,4395776,
dma:1289592832,5242880,57344,
dma:1289650432,4587520,384,
dma:1289650176,4374528,256,
dma:1290125056,4587904,768,
Kproj:5242880,4587520,4374528,4587904,4325376,
dma:1289651200,5242880,57344,
dma:1289708800,4587520,384,
dma:1289708544,4374528,256,
dma:1290136832,4374784,256,
Vproj:5242880,4587520,4374528,4374784,
dma:1289188864,5242880,401408,
dma:1289592064,4587520,384,
dma:1289590272,4374528,1792,
dma:1290118912,4587904,5376,
Qproj:5242880,4587520,4374528,4587904,4325376,
dma:1290113536,4587520,5376,
dma:1290124288,4374528,768,
dma:1290131200,4592896,5376,
dma:1290125824,4598272,5376,
dma:1290136576,4375296,256,
dma:1290113152,4603648,384,
Attention:4587520,4374528,4592896,4598272,4375296,4603648,
dma:1289709568,5242880,401408,
dma:1290112768,4587520,384,
dma:1290110976,4374528,1792,
dma:1292326272,4587904,384,
dma:1296699648,4376320,1792,
Oproj:5242880,4587520,4374528,4587904,4376320,
dma:1290137088,5242880,401408,
dma:1292326656,5644288,401408,
dma:1294516224,6045696,401408,
dma:1292325888,4587520,384,
dma:1292316160,4374528,9728,
dma:1296697472,4587904,384,
dma:1294505728,4384256,9728,
dma:1296695296,4393984,1792,
dma:1296697088,4588288,384,
dma:1297105024,4588672,384,
dma:1304210432,4395776,1792,
FFN1_5:5242880,4587520,4374528,4587904,5644288,4384256,6045696,4588288,4393984,
dma:1290538496,5242880,401408,
dma:1292728064,5644288,401408,
dma:1294917632,6045696,401408,
FFN1_5:5242880,4587520,4374528,4587904,5644288,4384256,6045696,4588288,4393984,
dma:1290939904,5242880,401408,
dma:1293129472,5644288,401408,
dma:1295319040,6045696,401408,
FFN1_5:5242880,4587520,4374528,4587904,5644288,4384256,6045696,4588288,4393984,
dma:1291341312,5242880,401408,
dma:1293530880,5644288,401408,
dma:1295720448,6045696,401408,
FFN1_5:5242880,4587520,4374528,4587904,5644288,4384256,6045696,4588288,4393984,
dma:1291742720,5242880,401408,
dma:1293932288,5644288,401408,
dma:1296121856,6045696,401408,
FFN1_5:5242880,4587520,4374528,4587904,5644288,4384256,6045696,4588288,4393984,
dma:1292144128,5242880,172032,
dma:1294333696,5414912,172032,
dma:1296523264,5586944,172032,
FFN6:5242880,4587520,4374528,4587904,5414912,4384256,5586944,4588288,4393984,4588672,4395776,
dma:1297105408,5242880,57344,
dma:1297163008,4587520,384,
dma:1297162752,4374528,256,
dma:1297637632,4587904,768,
Kproj:5242880,4587520,4374528,4587904,4325376,
dma:1297163776,5242880,57344,
dma:1297221376,4587520,384,
dma:1297221120,4374528,256,
dma:1297649408,4374784,256,
Vproj:5242880,4587520,4374528,4374784,
dma:1296701440,5242880,401408,
dma:1297104640,4587520,384,
dma:1297102848,4374528,1792,
dma:1297631488,4587904,5376,
Qproj:5242880,4587520,4374528,4587904,4325376,
dma:1297626112,4587520,5376,
dma:1297636864,4374528,768,
dma:1297643776,4592896,5376,
dma:1297638400,4598272,5376,
dma:1297649152,4375296,256,
dma:1297625728,4603648,384,
Attention:4587520,4374528,4592896,4598272,4375296,4603648,
dma:1297222144,5242880,401408,
dma:1297625344,4587520,384,
dma:1297623552,4374528,1792,
dma:1299838848,4587904,384,
dma:1304212224,4376320,1792,
Oproj:5242880,4587520,4374528,4587904,4376320,
dma:1297649664,5242880,401408,
dma:1299839232,5644288,401408,
dma:1302028800,6045696,401408,
dma:1299838464,4587520,384,
dma:1299828736,4374528,9728,
dma:1304210048,4587904,384,
dma:1302018304,4384256,9728,
dma:1304207872,4393984,1792,
dma:1304209664,4588288,384,
dma:1304617600,4588672,384,
dma:1311723008,4395776,1792,
FFN1_5:5242880,4587520,4374528,4587904,5644288,4384256,6045696,4588288,4393984,
dma:1298051072,5242880,401408,
dma:1300240640,5644288,401408,
dma:1302430208,6045696,401408,
FFN1_5:5242880,4587520,4374528,4587904,5644288,4384256,6045696,4588288,4393984,
dma:1298452480,5242880,401408,
dma:1300642048,5644288,401408,
dma:1302831616,6045696,401408,
FFN1_5:5242880,4587520,4374528,4587904,5644288,4384256,6045696,4588288,4393984,
dma:1298853888,5242880,401408,
dma:1301043456,5644288,401408,
dma:1303233024,6045696,401408,
FFN1_5:5242880,4587520,4374528,4587904,5644288,4384256,6045696,4588288,4393984,
dma:1299255296,5242880,401408,
dma:1301444864,5644288,401408,
dma:1303634432,6045696,401408,
FFN1_5:5242880,4587520,4374528,4587904,5644288,4384256,6045696,4588288,4393984,
dma:1299656704,5242880,172032,
dma:1301846272,5414912,172032,
dma:1304035840,5586944,172032,
FFN6:5242880,4587520,4374528,4587904,5414912,4384256,5586944,4588288,4393984,4588672,4395776,
dma:1304617984,5242880,57344,
dma:1304675584,4587520,384,
dma:1304675328,4374528,256,
dma:1305150208,4587904,768,
Kproj:5242880,4587520,4374528,4587904,4325376,
dma:1304676352,5242880,57344,
dma:1304733952,4587520,384,
dma:1304733696,4374528,256,
dma:1305161984,4374784,256,
Vproj:5242880,4587520,4374528,4374784,
dma:1304214016,5242880,401408,
dma:1304617216,4587520,384,
dma:1304615424,4374528,1792,
dma:1305144064,4587904,5376,
Qproj:5242880,4587520,4374528,4587904,4325376,
dma:1305138688,4587520,5376,
dma:1305149440,4374528,768,
dma:1305156352,4592896,5376,
dma:1305150976,4598272,5376,
dma:1305161728,4375296,256,
dma:1305138304,4603648,384,
Attention:4587520,4374528,4592896,4598272,4375296,4603648,
dma:1304734720,5242880,401408,
dma:1305137920,4587520,384,
dma:1305136128,4374528,1792,
dma:1307351424,4587904,384,
dma:1311724800,4376320,1792,
Oproj:5242880,4587520,4374528,4587904,4376320,
dma:1305162240,5242880,401408,
dma:1307351808,5644288,401408,
dma:1309541376,6045696,401408,
dma:1307351040,4587520,384,
dma:1307341312,4374528,9728,
dma:1311722624,4587904,384,
dma:1309530880,4384256,9728,
dma:1311720448,4393984,1792,
dma:1311722240,4588288,384,
dma:1312130176,4588672,384,
dma:1319235584,4395776,1792,
FFN1_5:5242880,4587520,4374528,4587904,5644288,4384256,6045696,4588288,4393984,
dma:1305563648,5242880,401408,
dma:1307753216,5644288,401408,
dma:1309942784,6045696,401408,
FFN1_5:5242880,4587520,4374528,4587904,5644288,4384256,6045696,4588288,4393984,
dma:1305965056,5242880,401408,
dma:1308154624,5644288,401408,
dma:1310344192,6045696,401408,
FFN1_5:5242880,4587520,4374528,4587904,5644288,4384256,6045696,4588288,4393984,
dma:1306366464,5242880,401408,
dma:1308556032,5644288,401408,
dma:1310745600,6045696,401408,
FFN1_5:5242880,4587520,4374528,4587904,5644288,4384256,6045696,4588288,4393984,
dma:1306767872,5242880,401408,
dma:1308957440,5644288,401408,
dma:1311147008,6045696,401408,
FFN1_5:5242880,4587520,4374528,4587904,5644288,4384256,6045696,4588288,4393984,
dma:1307169280,5242880,172032,
dma:1309358848,5414912,172032,
dma:1311548416,5586944,172032,
FFN6:5242880,4587520,4374528,4587904,5414912,4384256,5586944,4588288,4393984,4588672,4395776,
dma:1312130560,5242880,57344,
dma:1312188160,4587520,384,
dma:1312187904,4374528,256,
dma:1312662784,4587904,768,
Kproj:5242880,4587520,4374528,4587904,4325376,
dma:1312188928,5242880,57344,
dma:1312246528,4587520,384,
dma:1312246272,4374528,256,
dma:1312674560,4374784,256,
Vproj:5242880,4587520,4374528,4374784,
dma:1311726592,5242880,401408,
dma:1312129792,4587520,384,
dma:1312128000,4374528,1792,
dma:1312656640,4587904,5376,
Qproj:5242880,4587520,4374528,4587904,4325376,
dma:1312651264,4587520,5376,
dma:1312662016,4374528,768,
dma:1312668928,4592896,5376,
dma:1312663552,4598272,5376,
dma:1312674304,4375296,256,
dma:1312650880,4603648,384,
Attention:4587520,4374528,4592896,4598272,4375296,4603648,
dma:1312247296,5242880,401408,
dma:1312650496,4587520,384,
dma:1312648704,4374528,1792,
dma:1314864000,4587904,384,
dma:1319237376,4376320,1792,
Oproj:5242880,4587520,4374528,4587904,4376320,
dma:1312674816,5242880,401408,
dma:1314864384,5644288,401408,
dma:1317053952,6045696,401408,
dma:1314863616,4587520,384,
dma:1314853888,4374528,9728,
dma:1319235200,4587904,384,
dma:1317043456,4384256,9728,
dma:1319233024,4393984,1792,
dma:1319234816,4588288,384,
dma:1319642752,4588672,384,
dma:1326748160,4395776,1792,
FFN1_5:5242880,4587520,4374528,4587904,5644288,4384256,6045696,4588288,4393984,
dma:1313076224,5242880,401408,
dma:1315265792,5644288,401408,
dma:1317455360,6045696,401408,
FFN1_5:5242880,4587520,4374528,4587904,5644288,4384256,6045696,4588288,4393984,
dma:1313477632,5242880,401408,
dma:1315667200,5644288,401408,
dma:1317856768,6045696,401408,
FFN1_5:5242880,4587520,4374528,4587904,5644288,4384256,6045696,4588288,4393984,
dma:1313879040,5242880,401408,
dma:1316068608,5644288,401408,
dma:1318258176,6045696,401408,
FFN1_5:5242880,4587520,4374528,4587904,5644288,4384256,6045696,4588288,4393984,
dma:1314280448,5242880,401408,
dma:1316470016,5644288,401408,
dma:1318659584,6045696,401408,
FFN1_5:5242880,4587520,4374528,4587904,5644288,4384256,6045696,4588288,4393984,
dma:1314681856,5242880,172032,
dma:1316871424,5414912,172032,
dma:1319060992,5586944,172032,
FFN6:5242880,4587520,4374528,4587904,5414912,4384256,5586944,4588288,4393984,4588672,4395776,
dma:1319643136,5242880,57344,
dma:1319700736,4587520,384,
dma:1319700480,4374528,256,
dma:1320175360,4587904,768,
Kproj:5242880,4587520,4374528,4587904,4325376,
dma:1319701504,5242880,57344,
dma:1319759104,4587520,384,
dma:1319758848,4374528,256,
dma:1320187136,4374784,256,
Vproj:5242880,4587520,4374528,4374784,
dma:1319239168,5242880,401408,
dma:1319642368,4587520,384,
dma:1319640576,4374528,1792,
dma:1320169216,4587904,5376,
Qproj:5242880,4587520,4374528,4587904,4325376,
dma:1320163840,4587520,5376,
dma:1320174592,4374528,768,
dma:1320181504,4592896,5376,
dma:1320176128,4598272,5376,
dma:1320186880,4375296,256,
dma:1320163456,4603648,384,
Attention:4587520,4374528,4592896,4598272,4375296,4603648,
dma:1319759872,5242880,401408,
dma:1320163072,4587520,384,
dma:1320161280,4374528,1792,
dma:1322376576,4587904,384,
dma:1326749952,4376320,1792,
Oproj:5242880,4587520,4374528,4587904,4376320,
dma:1320187392,5242880,401408,
dma:1322376960,5644288,401408,
dma:1324566528,6045696,401408,
dma:1322376192,4587520,384,
dma:1322366464,4374528,9728,
dma:1326747776,4587904,384,
dma:1324556032,4384256,9728,
dma:1326745600,4393984,1792,
dma:1326747392,4588288,384,
dma:1327155328,4588672,384,
dma:1334260736,4395776,1792,
FFN1_5:5242880,4587520,4374528,4587904,5644288,4384256,6045696,4588288,4393984,
dma:1320588800,5242880,401408,
dma:1322778368,5644288,401408,
dma:1324967936,6045696,401408,
FFN1_5:5242880,4587520,4374528,4587904,5644288,4384256,6045696,4588288,4393984,
dma:1320990208,5242880,401408,
dma:1323179776,5644288,401408,
dma:1325369344,6045696,401408,
FFN1_5:5242880,4587520,4374528,4587904,5644288,4384256,6045696,4588288,4393984,
dma:1321391616,5242880,401408,
dma:1323581184,5644288,401408,
dma:1325770752,6045696,401408,
FFN1_5:5242880,4587520,4374528,4587904,5644288,4384256,6045696,4588288,4393984,
dma:1321793024,5242880,401408,
dma:1323982592,5644288,401408,
dma:1326172160,6045696,401408,
FFN1_5:5242880,4587520,4374528,4587904,5644288,4384256,6045696,4588288,4393984,
dma:1322194432,5242880,172032,
dma:1324384000,5414912,172032,
dma:1326573568,5586944,172032,
FFN6:5242880,4587520,4374528,4587904,5414912,4384256,5586944,4588288,4393984,4588672,4395776,
dma:1327155712,5242880,57344,
dma:1327213312,4587520,384,
dma:1327213056,4374528,256,
dma:1327687936,4587904,768,
Kproj:5242880,4587520,4374528,4587904,4325376,
dma:1327214080,5242880,57344,
dma:1327271680,4587520,384,
dma:1327271424,4374528,256,
dma:1327699712,4374784,256,
Vproj:5242880,4587520,4374528,4374784,
dma:1326751744,5242880,401408,
dma:1327154944,4587520,384,
dma:1327153152,4374528,1792,
dma:1327681792,4587904,5376,
Qproj:5242880,4587520,4374528,4587904,4325376,
dma:1327676416,4587520,5376,
dma:1327687168,4374528,768,
dma:1327694080,4592896,5376,
dma:1327688704,4598272,5376,
dma:1327699456,4375296,256,
dma:1327676032,4603648,384,
Attention:4587520,4374528,4592896,4598272,4375296,4603648,
dma:1327272448,5242880,401408,
dma:1327675648,4587520,384,
dma:1327673856,4374528,1792,
dma:1329889152,4587904,384,
dma:1334262528,4376320,1792,
Oproj:5242880,4587520,4374528,4587904,4376320,
dma:1327699968,5242880,401408,
dma:1329889536,5644288,401408,
dma:1332079104,6045696,401408,
dma:1329888768,4587520,384,
dma:1329879040,4374528,9728,
dma:1334260352,4587904,384,
dma:1332068608,4384256,9728,
dma:1334258176,4393984,1792,
dma:1334259968,4588288,384,
dma:1334667904,4588672,384,
dma:1341773312,4395776,1792,
FFN1_5:5242880,4587520,4374528,4587904,5644288,4384256,6045696,4588288,4393984,
dma:1328101376,5242880,401408,
dma:1330290944,5644288,401408,
dma:1332480512,6045696,401408,
FFN1_5:5242880,4587520,4374528,4587904,5644288,4384256,6045696,4588288,4393984,
dma:1328502784,5242880,401408,
dma:1330692352,5644288,401408,
dma:1332881920,6045696,401408,
FFN1_5:5242880,4587520,4374528,4587904,5644288,4384256,6045696,4588288,4393984,
dma:1328904192,5242880,401408,
dma:1331093760,5644288,401408,
dma:1333283328,6045696,401408,
FFN1_5:5242880,4587520,4374528,4587904,5644288,4384256,6045696,4588288,4393984,
dma:1329305600,5242880,401408,
dma:1331495168,5644288,401408,
dma:1333684736,6045696,401408,
FFN1_5:5242880,4587520,4374528,4587904,5644288,4384256,6045696,4588288,4393984,
dma:1329707008,5242880,172032,
dma:1331896576,5414912,172032,
dma:1334086144,5586944,172032,
FFN6:5242880,4587520,4374528,4587904,5414912,4384256,5586944,4588288,4393984,4588672,4395776,
dma:1334668288,5242880,57344,
dma:1334725888,4587520,384,
dma:1334725632,4374528,256,
dma:1335200512,4587904,768,
Kproj:5242880,4587520,4374528,4587904,4325376,
dma:1334726656,5242880,57344,
dma:1334784256,4587520,384,
dma:1334784000,4374528,256,
dma:1335212288,4374784,256,
Vproj:5242880,4587520,4374528,4374784,
dma:1334264320,5242880,401408,
dma:1334667520,4587520,384,
dma:1334665728,4374528,1792,
dma:1335194368,4587904,5376,
Qproj:5242880,4587520,4374528,4587904,4325376,
dma:1335188992,4587520,5376,
dma:1335199744,4374528,768,
dma:1335206656,4592896,5376,
dma:1335201280,4598272,5376,
dma:1335212032,4375296,256,
dma:1335188608,4603648,384,
Attention:4587520,4374528,4592896,4598272,4375296,4603648,
dma:1334785024,5242880,401408,
dma:1335188224,4587520,384,
dma:1335186432,4374528,1792,
dma:1337401728,4587904,384,
dma:1341775104,4376320,1792,
Oproj:5242880,4587520,4374528,4587904,4376320,
dma:1335212544,5242880,401408,
dma:1337402112,5644288,401408,
dma:1339591680,6045696,401408,
dma:1337401344,4587520,384,
dma:1337391616,4374528,9728,
dma:1341772928,4587904,384,
dma:1339581184,4384256,9728,
dma:1341770752,4393984,1792,
dma:1341772544,4588288,384,
dma:1342180480,4588672,384,
dma:1349285888,4395776,1792,
FFN1_5:5242880,4587520,4374528,4587904,5644288,4384256,6045696,4588288,4393984,
dma:1335613952,5242880,401408,
dma:1337803520,5644288,401408,
dma:1339993088,6045696,401408,
FFN1_5:5242880,4587520,4374528,4587904,5644288,4384256,6045696,4588288,4393984,
dma:1336015360,5242880,401408,
dma:1338204928,5644288,401408,
dma:1340394496,6045696,401408,
FFN1_5:5242880,4587520,4374528,4587904,5644288,4384256,6045696,4588288,4393984,
dma:1336416768,5242880,401408,
dma:1338606336,5644288,401408,
dma:1340795904,6045696,401408,
FFN1_5:5242880,4587520,4374528,4587904,5644288,4384256,6045696,4588288,4393984,
dma:1336818176,5242880,401408,
dma:1339007744,5644288,401408,
dma:1341197312,6045696,401408,
FFN1_5:5242880,4587520,4374528,4587904,5644288,4384256,6045696,4588288,4393984,
dma:1337219584,5242880,172032,
dma:1339409152,5414912,172032,
dma:1341598720,5586944,172032,
FFN6:5242880,4587520,4374528,4587904,5414912,4384256,5586944,4588288,4393984,4588672,4395776,
dma:1342180864,5242880,57344,
dma:1342238464,4587520,384,
dma:1342238208,4374528,256,
dma:1342713088,4587904,768,
Kproj:5242880,4587520,4374528,4587904,4325376,
dma:1342239232,5242880,57344,
dma:1342296832,4587520,384,
dma:1342296576,4374528,256,
dma:1342724864,4374784,256,
Vproj:5242880,4587520,4374528,4374784,
dma:1341776896,5242880,401408,
dma:1342180096,4587520,384,
dma:1342178304,4374528,1792,
dma:1342706944,4587904,5376,
Qproj:5242880,4587520,4374528,4587904,4325376,
dma:1342701568,4587520,5376,
dma:1342712320,4374528,768,
dma:1342719232,4592896,5376,
dma:1342713856,4598272,5376,
dma:1342724608,4375296,256,
dma:1342701184,4603648,384,
Attention:4587520,4374528,4592896,4598272,4375296,4603648,
dma:1342297600,5242880,401408,
dma:1342700800,4587520,384,
dma:1342699008,4374528,1792,
dma:1344914304,4587904,384,
dma:1349287680,4376320,1792,
Oproj:5242880,4587520,4374528,4587904,4376320,
dma:1342725120,5242880,401408,
dma:1344914688,5644288,401408,
dma:1347104256,6045696,401408,
dma:1344913920,4587520,384,
dma:1344904192,4374528,9728,
dma:1349285504,4587904,384,
dma:1347093760,4384256,9728,
dma:1349283328,4393984,1792,
dma:1349285120,4588288,384,
dma:1349693056,4588672,384,
dma:1356798464,4395776,1792,
FFN1_5:5242880,4587520,4374528,4587904,5644288,4384256,6045696,4588288,4393984,
dma:1343126528,5242880,401408,
dma:1345316096,5644288,401408,
dma:1347505664,6045696,401408,
FFN1_5:5242880,4587520,4374528,4587904,5644288,4384256,6045696,4588288,4393984,
dma:1343527936,5242880,401408,
dma:1345717504,5644288,401408,
dma:1347907072,6045696,401408,
FFN1_5:5242880,4587520,4374528,4587904,5644288,4384256,6045696,4588288,4393984,
dma:1343929344,5242880,401408,
dma:1346118912,5644288,401408,
dma:1348308480,6045696,401408,
FFN1_5:5242880,4587520,4374528,4587904,5644288,4384256,6045696,4588288,4393984,
dma:1344330752,5242880,401408,
dma:1346520320,5644288,401408,
dma:1348709888,6045696,401408,
FFN1_5:5242880,4587520,4374528,4587904,5644288,4384256,6045696,4588288,4393984,
dma:1344732160,5242880,172032,
dma:1346921728,5414912,172032,
dma:1349111296,5586944,172032,
FFN6:5242880,4587520,4374528,4587904,5414912,4384256,5586944,4588288,4393984,4588672,4395776,
dma:1349693440,5242880,57344,
dma:1349751040,4587520,384,
dma:1349750784,4374528,256,
dma:1350225664,4587904,768,
Kproj:5242880,4587520,4374528,4587904,4325376,
dma:1349751808,5242880,57344,
dma:1349809408,4587520,384,
dma:1349809152,4374528,256,
dma:1350237440,4374784,256,
Vproj:5242880,4587520,4374528,4374784,
dma:1349289472,5242880,401408,
dma:1349692672,4587520,384,
dma:1349690880,4374528,1792,
dma:1350219520,4587904,5376,
Qproj:5242880,4587520,4374528,4587904,4325376,
dma:1350214144,4587520,5376,
dma:1350224896,4374528,768,
dma:1350231808,4592896,5376,
dma:1350226432,4598272,5376,
dma:1350237184,4375296,256,
dma:1350213760,4603648,384,
Attention:4587520,4374528,4592896,4598272,4375296,4603648,
dma:1349810176,5242880,401408,
dma:1350213376,4587520,384,
dma:1350211584,4374528,1792,
dma:1352426880,4587904,384,
dma:1356800256,4376320,1792,
Oproj:5242880,4587520,4374528,4587904,4376320,
dma:1350237696,5242880,401408,
dma:1352427264,5644288,401408,
dma:1354616832,6045696,401408,
dma:1352426496,4587520,384,
dma:1352416768,4374528,9728,
dma:1356798080,4587904,384,
dma:1354606336,4384256,9728,
dma:1356795904,4393984,1792,
dma:1356797696,4588288,384,
dma:1357205632,4588672,384,
dma:1364311040,4395776,1792,
FFN1_5:5242880,4587520,4374528,4587904,5644288,4384256,6045696,4588288,4393984,
dma:1350639104,5242880,401408,
dma:1352828672,5644288,401408,
dma:1355018240,6045696,401408,
FFN1_5:5242880,4587520,4374528,4587904,5644288,4384256,6045696,4588288,4393984,
dma:1351040512,5242880,401408,
dma:1353230080,5644288,401408,
dma:1355419648,6045696,401408,
FFN1_5:5242880,4587520,4374528,4587904,5644288,4384256,6045696,4588288,4393984,
dma:1351441920,5242880,401408,
dma:1353631488,5644288,401408,
dma:1355821056,6045696,401408,
FFN1_5:5242880,4587520,4374528,4587904,5644288,4384256,6045696,4588288,4393984,
dma:1351843328,5242880,401408,
dma:1354032896,5644288,401408,
dma:1356222464,6045696,401408,
FFN1_5:5242880,4587520,4374528,4587904,5644288,4384256,6045696,4588288,4393984,
dma:1352244736,5242880,172032,
dma:1354434304,5414912,172032,
dma:1356623872,5586944,172032,
FFN6:5242880,4587520,4374528,4587904,5414912,4384256,5586944,4588288,4393984,4588672,4395776,
dma:1357206016,5242880,57344,
dma:1357263616,4587520,384,
dma:1357263360,4374528,256,
dma:1357738240,4587904,768,
Kproj:5242880,4587520,4374528,4587904,4325376,
dma:1357264384,5242880,57344,
dma:1357321984,4587520,384,
dma:1357321728,4374528,256,
dma:1357750016,4374784,256,
Vproj:5242880,4587520,4374528,4374784,
dma:1356802048,5242880,401408,
dma:1357205248,4587520,384,
dma:1357203456,4374528,1792,
dma:1357732096,4587904,5376,
Qproj:5242880,4587520,4374528,4587904,4325376,
dma:1357726720,4587520,5376,
dma:1357737472,4374528,768,
dma:1357744384,4592896,5376,
dma:1357739008,4598272,5376,
dma:1357749760,4375296,256,
dma:1357726336,4603648,384,
Attention:4587520,4374528,4592896,4598272,4375296,4603648,
dma:1357322752,5242880,401408,
dma:1357725952,4587520,384,
dma:1357724160,4374528,1792,
dma:1359939456,4587904,384,
dma:1364312832,4376320,1792,
Oproj:5242880,4587520,4374528,4587904,4376320,
dma:1357750272,5242880,401408,
dma:1359939840,5644288,401408,
dma:1362129408,6045696,401408,
dma:1359939072,4587520,384,
dma:1359929344,4374528,9728,
dma:1364310656,4587904,384,
dma:1362118912,4384256,9728,
dma:1364308480,4393984,1792,
dma:1364310272,4588288,384,
dma:1364718208,4588672,384,
dma:1371823616,4395776,1792,
FFN1_5:5242880,4587520,4374528,4587904,5644288,4384256,6045696,4588288,4393984,
dma:1358151680,5242880,401408,
dma:1360341248,5644288,401408,
dma:1362530816,6045696,401408,
FFN1_5:5242880,4587520,4374528,4587904,5644288,4384256,6045696,4588288,4393984,
dma:1358553088,5242880,401408,
dma:1360742656,5644288,401408,
dma:1362932224,6045696,401408,
FFN1_5:5242880,4587520,4374528,4587904,5644288,4384256,6045696,4588288,4393984,
dma:1358954496,5242880,401408,
dma:1361144064,5644288,401408,
dma:1363333632,6045696,401408,
FFN1_5:5242880,4587520,4374528,4587904,5644288,4384256,6045696,4588288,4393984,
dma:1359355904,5242880,401408,
dma:1361545472,5644288,401408,
dma:1363735040,6045696,401408,
FFN1_5:5242880,4587520,4374528,4587904,5644288,4384256,6045696,4588288,4393984,
dma:1359757312,5242880,172032,
dma:1361946880,5414912,172032,
dma:1364136448,5586944,172032,
FFN6:5242880,4587520,4374528,4587904,5414912,4384256,5586944,4588288,4393984,4588672,4395776,
dma:1364718592,5242880,57344,
dma:1364776192,4587520,384,
dma:1364775936,4374528,256,
dma:1365250816,4587904,768,
Kproj:5242880,4587520,4374528,4587904,4325376,
dma:1364776960,5242880,57344,
dma:1364834560,4587520,384,
dma:1364834304,4374528,256,
dma:1365262592,4374784,256,
Vproj:5242880,4587520,4374528,4374784,
dma:1364314624,5242880,401408,
dma:1364717824,4587520,384,
dma:1364716032,4374528,1792,
dma:1365244672,4587904,5376,
Qproj:5242880,4587520,4374528,4587904,4325376,
dma:1365239296,4587520,5376,
dma:1365250048,4374528,768,
dma:1365256960,4592896,5376,
dma:1365251584,4598272,5376,
dma:1365262336,4375296,256,
dma:1365238912,4603648,384,
Attention:4587520,4374528,4592896,4598272,4375296,4603648,
dma:1364835328,5242880,401408,
dma:1365238528,4587520,384,
dma:1365236736,4374528,1792,
dma:1367452032,4587904,384,
dma:1371825408,4376320,1792,
Oproj:5242880,4587520,4374528,4587904,4376320,
dma:1365262848,5242880,401408,
dma:1367452416,5644288,401408,
dma:1369641984,6045696,401408,
dma:1367451648,4587520,384,
dma:1367441920,4374528,9728,
dma:1371823232,4587904,384,
dma:1369631488,4384256,9728,
dma:1371821056,4393984,1792,
dma:1371822848,4588288,384,
dma:1372230784,4588672,384,
dma:1379336192,4395776,1792,
FFN1_5:5242880,4587520,4374528,4587904,5644288,4384256,6045696,4588288,4393984,
dma:1365664256,5242880,401408,
dma:1367853824,5644288,401408,
dma:1370043392,6045696,401408,
FFN1_5:5242880,4587520,4374528,4587904,5644288,4384256,6045696,4588288,4393984,
dma:1366065664,5242880,401408,
dma:1368255232,5644288,401408,
dma:1370444800,6045696,401408,
FFN1_5:5242880,4587520,4374528,4587904,5644288,4384256,6045696,4588288,4393984,
dma:1366467072,5242880,401408,
dma:1368656640,5644288,401408,
dma:1370846208,6045696,401408,
FFN1_5:5242880,4587520,4374528,4587904,5644288,4384256,6045696,4588288,4393984,
dma:1366868480,5242880,401408,
dma:1369058048,5644288,401408,
dma:1371247616,6045696,401408,
FFN1_5:5242880,4587520,4374528,4587904,5644288,4384256,6045696,4588288,4393984,
dma:1367269888,5242880,172032,
dma:1369459456,5414912,172032,
dma:1371649024,5586944,172032,
FFN6:5242880,4587520,4374528,4587904,5414912,4384256,5586944,4588288,4393984,4588672,4395776,
dma:1372231168,5242880,57344,
dma:1372288768,4587520,384,
dma:1372288512,4374528,256,
dma:1372763392,4587904,768,
Kproj:5242880,4587520,4374528,4587904,4325376,
dma:1372289536,5242880,57344,
dma:1372347136,4587520,384,
dma:1372346880,4374528,256,
dma:1372775168,4374784,256,
Vproj:5242880,4587520,4374528,4374784,
dma:1371827200,5242880,401408,
dma:1372230400,4587520,384,
dma:1372228608,4374528,1792,
dma:1372757248,4587904,5376,
Qproj:5242880,4587520,4374528,4587904,4325376,
dma:1372751872,4587520,5376,
dma:1372762624,4374528,768,
dma:1372769536,4592896,5376,
dma:1372764160,4598272,5376,
dma:1372774912,4375296,256,
dma:1372751488,4603648,384,
Attention:4587520,4374528,4592896,4598272,4375296,4603648,
dma:1372347904,5242880,401408,
dma:1372751104,4587520,384,
dma:1372749312,4374528,1792,
dma:1374964608,4587904,384,
dma:1379337984,4376320,1792,
Oproj:5242880,4587520,4374528,4587904,4376320,
dma:1372775424,5242880,401408,
dma:1374964992,5644288,401408,
dma:1377154560,6045696,401408,
dma:1374964224,4587520,384,
dma:1374954496,4374528,9728,
dma:1379335808,4587904,384,
dma:1377144064,4384256,9728,
dma:1379333632,4393984,1792,
dma:1379335424,4588288,384,
dma:1379743360,4588672,384,
dma:1386848768,4395776,1792,
FFN1_5:5242880,4587520,4374528,4587904,5644288,4384256,6045696,4588288,4393984,
dma:1373176832,5242880,401408,
dma:1375366400,5644288,401408,
dma:1377555968,6045696,401408,
FFN1_5:5242880,4587520,4374528,4587904,5644288,4384256,6045696,4588288,4393984,
dma:1373578240,5242880,401408,
dma:1375767808,5644288,401408,
dma:1377957376,6045696,401408,
FFN1_5:5242880,4587520,4374528,4587904,5644288,4384256,6045696,4588288,4393984,
dma:1373979648,5242880,401408,
dma:1376169216,5644288,401408,
dma:1378358784,6045696,401408,
FFN1_5:5242880,4587520,4374528,4587904,5644288,4384256,6045696,4588288,4393984,
dma:1374381056,5242880,401408,
dma:1376570624,5644288,401408,
dma:1378760192,6045696,401408,
FFN1_5:5242880,4587520,4374528,4587904,5644288,4384256,6045696,4588288,4393984,
dma:1374782464,5242880,172032,
dma:1376972032,5414912,172032,
dma:1379161600,5586944,172032,
FFN6:5242880,4587520,4374528,4587904,5414912,4384256,5586944,4588288,4393984,4588672,4395776,
dma:1379743744,5242880,57344,
dma:1379801344,4587520,384,
dma:1379801088,4374528,256,
dma:1380275968,4587904,768,
Kproj:5242880,4587520,4374528,4587904,4325376,
dma:1379802112,5242880,57344,
dma:1379859712,4587520,384,
dma:1379859456,4374528,256,
dma:1380287744,4374784,256,
Vproj:5242880,4587520,4374528,4374784,
dma:1379339776,5242880,401408,
dma:1379742976,4587520,384,
dma:1379741184,4374528,1792,
dma:1380269824,4587904,5376,
Qproj:5242880,4587520,4374528,4587904,4325376,
dma:1380264448,4587520,5376,
dma:1380275200,4374528,768,
dma:1380282112,4592896,5376,
dma:1380276736,4598272,5376,
dma:1380287488,4375296,256,
dma:1380264064,4603648,384,
Attention:4587520,4374528,4592896,4598272,4375296,4603648,
dma:1379860480,5242880,401408,
dma:1380263680,4587520,384,
dma:1380261888,4374528,1792,
dma:1382477184,4587904,384,
dma:1386850560,4376320,1792,
Oproj:5242880,4587520,4374528,4587904,4376320,
dma:1380288000,5242880,401408,
dma:1382477568,5644288,401408,
dma:1384667136,6045696,401408,
dma:1382476800,4587520,384,
dma:1382467072,4374528,9728,
dma:1386848384,4587904,384,
dma:1384656640,4384256,9728,
dma:1386846208,4393984,1792,
dma:1386848000,4588288,384,
dma:1379743360,4588672,384,
dma:1386852352,4395776,1792,
FFN1_5:5242880,4587520,4374528,4587904,5644288,4384256,6045696,4588288,4393984,
dma:1380689408,5242880,401408,
dma:1382878976,5644288,401408,
dma:1385068544,6045696,401408,
FFN1_5:5242880,4587520,4374528,4587904,5644288,4384256,6045696,4588288,4393984,
dma:1381090816,5242880,401408,
dma:1383280384,5644288,401408,
dma:1385469952,6045696,401408,
FFN1_5:5242880,4587520,4374528,4587904,5644288,4384256,6045696,4588288,4393984,
dma:1381492224,5242880,401408,
dma:1383681792,5644288,401408,
dma:1385871360,6045696,401408,
FFN1_5:5242880,4587520,4374528,4587904,5644288,4384256,6045696,4588288,4393984,
dma:1381893632,5242880,401408,
dma:1384083200,5644288,401408,
dma:1386272768,6045696,401408,
FFN1_5:5242880,4587520,4374528,4587904,5644288,4384256,6045696,4588288,4393984,
dma:1382295040,5242880,172032,
dma:1384484608,5414912,172032,
dma:1386674176,5586944,172032,
FFN6:5242880,4587520,4374528,4587904,5414912,4384256,5586944,4588288,4393984,4588672,4395776,
